function [eruption]=all_swarms

%   Start month Day year      End month Day year Duration [day]   Longitude   Latitude   EQ/Daymax   Magmax  N_EQ  Moment (dyne-cm) and its exponent
eruption(1,1:14)= [3   1   1985   3   11   1985   11   -110.7495   44.7884   71   2.77   149   7.55   20] ;
eruption(2,1:14)= [10   3   1985   11   17   1985   46   -110.9995   44.6422   85   3.72   462   9.75   21] ;
eruption(3,1:14)= [11   24   1985   12   10   1985   17   -111.0050   44.6503   11   3.08   52   2.34   21] ;
eruption(4,1:14)= [9   29   1989   10   3   1989   5   -111.0635   44.7243   37   2.16   67   9.17   20] ;
eruption(5,1:14)= [10   24   1989   11   1   1989   8   -111.0770   44.7411   50   2.28   68   8.85   20] ;
eruption(6,1:14)= [2   26   1990   3   9   1990   12   -111.0765   44.6385   84   2.11   233   1.31   21] ;
eruption(7,1:14)= [5   2   1994   5   4   1994   3   -111.0815   44.7436   38   2.26   54   6.02   20] ;
eruption(8,1:14)= [9   9   1994   9   17   1994   9   -111.0295   44.7356   33   2.11   52   3.57   20] ;
eruption(9,1:14)= [6   25   1995   7   9   1995   15   -110.9080   44.6341   171   2.71   447   4.13   21] ;
eruption(10,1:14)= [7   11   1995   7   21   1995   11   -110.9025   44.6304   40   2.35   89   5.48   20] ;
eruption(11,1:14)= [11   27   1995   12   8   1995   12   -110.9260   44.7424   43   3.05   191   2.22   21] ;
eruption(12,1:14)= [10   11   1996   11   8   1996   29   -110.7835   44.7318   66   2.82   274   1.29   21] ;
eruption(13,1:14)= [4   27   1997   5   12   1997   16   -110.7900   44.7443   17   2.18   44   1.96   20] ;
eruption(14,1:14)= [6   6   1997   6   27   1997   22   -110.8145   44.7324   140   3.76   364   1.67   22] ;
eruption(15,1:14)= [7   7   1997   7   21   1997   15   -110.7910   44.7175   27   2.61   52   4.33   20] ;
eruption(16,1:14)= [8   12   1997   8   13   1997   2   -111.0795   44.7075   76   1.90   91   2.79   20] ;
eruption(17,1:14)= [12   25   1997   12   30   1997   6   -111.0395   44.7094   45   2.59   64   4.87   20] ;
eruption(18,1:14)= [5   28   1998   5   28   1998   1   -110.7910   44.7698   32   2.22   32   1.83   20] ;
eruption(19,1:14)= [9   27   1998   9   30   1998   4   -111.0425   44.7038   44   2.27   49   2.36   20] ;
eruption(20,1:14)= [9   27   1998   10   4   1998   8   -110.3395   44.4705   52   3.33   160   4.96   21] ;
eruption(21,1:14)= [11   10   1998   12   1   1998   22   -111.0920   44.6217   50   2.55   193   7.85   20] ;
eruption(22,1:14)= [1   1   1999   1   13   1999   13   -110.8225   44.7748   16   2.69   61   4.24   20] ;
eruption(23,1:14)= [5   11   1999   5   19   1999   9   -111.0720   44.7444   15   2.34   31   1.65   20] ;
eruption(24,1:14)= [5   17   1999   5   31   1999   15   -110.9870   44.6702   19   2.40   70   4.66   20] ;
eruption(25,1:14)= [6   13   1999   7   16   1999   34   -111.0010   44.7530   127   3.43   766   7.95   21] ;
eruption(26,1:14)= [6   13   1999   6   25   1999   13   -111.1105   44.7636   44   2.24   149   6.94   20] ;
eruption(27,1:14)= [6   27   1999   7   7   1999   11   -111.1180   44.7561   9   2.07   38   1.21   20] ;
eruption(28,1:14)= [7   31   1999   8   28   1999   29   -110.9710   44.7548   121   3.14   597   2.71   21] ;
eruption(29,1:14)= [8   7   1999   8   14   1999   8   -111.1220   44.7486   137   2.17   164   4.13   20] ;
eruption(30,1:14)= [8   27   1999   8   27   1999   1   -110.6050   44.4792   37   3.12   37   2.57   21] ;
eruption(31,1:14)= [10   3   1999   10   21   1999   19   -110.9200   44.7617   37   3.03   101   9.98   20] ;
eruption(32,1:14)= [10   28   1999   10   28   1999   1   -111.0160   44.6808   49   1.55   49   1.01   20] ;
eruption(33,1:14)= [12   21   1999   12   26   1999   6   -110.9595   44.7667   19   2.76   39   2.56   20] ;
eruption(34,1:14)= [1   25   2000   1   30   2000   6   -111.0775   44.7212   57   2.27   67   2.87   20] ;
eruption(35,1:14)= [3   21   2000   4   13   2000   24   -111.0110   44.7698   42   2.16   285   1.04   21] ;
eruption(36,1:14)= [7   25   2000   8   18   2000   25   -110.7985   44.7971   58   2.72   214   1.45   21] ;
eruption(37,1:14)= [10   24   2000   10   27   2000   4   -111.1330   44.7374   30   2.18   52   1.93   20] ;
eruption(38,1:14)= [11   23   2000   11   26   2000   4   -110.6975   44.7374   88   3.76   98   1.07   22] ;
eruption(39,1:14)= [12   2   2000   12   6   2000   5   -110.7045   44.7443   20   1.85   31   1.11   20] ;
eruption(40,1:14)= [12   24   2000   12   28   2000   5   -110.8255   44.7362   35   2.51   55   3.41   20] ;
eruption(41,1:14)= [1   16   2001   1   25   2001   10   -111.0535   44.6447   134   2.40   327   1.43   21] ;
eruption(42,1:14)= [2   26   2001   3   2   2001   5   -111.0165   44.7188   31   1.95   57   2.19   20] ;
eruption(43,1:14)= [4   30   2001   5   4   2001   5   -110.9420   44.7412   17   1.91   37   9.81   19] ;
eruption(44,1:14)= [6   19   2001   6   28   2001   10   -110.9075   44.7530   10   2.48   35   3.09   20] ;
eruption(45,1:14)= [9   6   2001   9   10   2001   5   -111.0170   44.7598   17   0.99   35   2.85   19] ;
eruption(46,1:14)= [11   30   2001   1   9   2002   41   -111.0490   44.7779   49   3.13   488   2.20   21] ;
eruption(47,1:14)= [1   15   2002   1   17   2002   3   -110.7240   44.5962   65   2.81   70   1.24   21] ;
eruption(48,1:14)= [1   29   2002   2   2   2002   5   -111.0090   44.7685   23   0.82   50   2.92   19] ;
eruption(49,1:14)= [8   9   2002   8   15   2002   7   -110.9925   44.7393   10   1.46   30   4.58   19] ;
eruption(50,1:14)= [10   8   2002   10   12   2002   5   -110.5635   44.3746   10   2.58   117   2.09   21] ;
eruption(51,1:14)= [11   3   2002   11   7   2002   5   -110.9590   44.6092   18   2.47   45   3.65   20] ;
eruption(52,1:14)= [11   3   2002   11   10   2002   8   -110.8120   44.7330   24   2.20   56   2.23   20] ;
eruption(53,1:14)= [11   3   2002   11   10   2002   8   -111.1150   44.7374   50   2.88   70   4.61   20] ;
eruption(54,1:14)= [12   5   2002   12   10   2002   6   -110.8750   44.7449   313   2.95   365   3.72   21] ;
eruption(55,1:14)= [1   3   2003   1   13   2003   11   -111.0075   44.5209   43   2.48   85   5.68   20] ;
eruption(56,1:14)= [1   29   2003   2   13   2003   16   -110.9895   44.5196   31   2.92   79   6.88   20] ;
eruption(57,1:14)= [2   5   2003   2   7   2003   3   -111.0020   44.7380   22   1.17   35   4.71   19] ;
eruption(58,1:14)= [4   12   2004   4   20   2004   9   -110.9520   44.7449   271   2.60   401   1.18   21] ;
eruption(59,1:14)= [7   16   2004   7   18   2004   3   -111.1770   44.7611   20   2.22   34   1.94   20] ;
eruption(60,1:14)= [6   1   2005   6   8   2005   8   -111.1200   44.7542   16   2.08   51   2.39   20] ;
eruption(61,1:14)= [8   14   2005   8   24   2005   11   -110.9965   44.6304   13   1.76   52   1.34   20] ;
eruption(62,1:14)= [2   22   2006   2   22   2006   1   -110.9910   44.5408   37   1.95   37   2.06   20] ;
eruption(63,1:14)= [4   5   2006   4   6   2006   2   -110.6175   44.1998   37   2.43   74   6.29   20] ;
eruption(64,1:14)= [5   18   2006   5   26   2006   9   -110.9895   44.7642   14   2.50   45   2.24   20] ;
eruption(65,1:14)= [6   11   2006   6   21   2006   11   -111.0575   44.7468   28   2.12   81   2.68   20] ;
eruption(66,1:14)= [6   12   2006   6   15   2006   4   -110.9100   44.5669   37   2.26   55   2.72   20] ;
eruption(67,1:14)= [7   10   2006   7   11   2006   2   -110.7895   44.5632   25   2.83   31   8.33   20] ;
eruption(68,1:14)= [10   14   2006   10   15   2006   2   -110.9230   44.5489   53   2.61   73   8.50   20] ;
eruption(69,1:14)= [11   4   2006   11   7   2006   4   -111.0475   44.4792   36   2.57   47   4.69   20] ;
eruption(70,1:14)= [2   13   2007   2   22   2007   10   -111.0140   44.7748   14   2.67   58   6.37   20] ;
eruption(71,1:14)= [12   15   2007   12   26   2007   12   -111.1435   44.7387   19   2.27   59   3.03   20] ;
